Consumer with PID 8369 has finished
24
3
22
31
7
21
96
25
98
20
95
63
85
57
68
11
45
30
80
33
40
51
10
21
95
72
25
23
82
65
44
6
68
66
37
76
39
85
1
37
6
49
53
43
6
73
7
51
4
87
85
44
38
47
17
86
19
94
9
1
59
5
7
28
24
97
56
63
34
9
1
40
58
6
84
16
79
43
68
83
30
5
80
69
52
97
55
23
44
16
76
3
73
35
83
97
32
91
61
67
1
14
59
11
20
95
80
99
38
48
35
69
5
15
38
9
12
45
32
56
13
60
12
86
95
47
84
28
39
97
47
92
63
6
55
35
2
35
86
40
35
21
61
40
36
51
49
1
48
33
9
61
93
21
48
89
69
84
69
8
33
68
52
96
74
7
83
28
43
69
21
30
91
82
71
27
86
72
28
34
6
38
96
51
11
96
92
32
32
13
92
17
81
44
65
56
52
48
36
47
17
57
77
8
92
0
88
78
73
68
64
31
58
60
34
70
8
27
2
92
40
95
9
74
91
74
82
95
22
18
42
40
28
72
0
20
72
88
50
97
9
14
80
67
27
15
89
35
94
44
28
86
39
89
60
82
64
42
78
86
61
72
78
89
96
79
61
21
19
11
18
80
77
99
48
4
66
37
92
60
81
72
98
72
61
59
7
77
53
85
64
14
9
94
55
6
25
68
27
97
31
45
77
9
96
77
65
14
67
9
26
48
81
25
73
95
36
32
72
89
17
88
56
26
83
63
84
60
32
11
57
63
9
35
24
5
12
42
72
79
51
98
80
85
23
5
32
59
37
56
49
6
45
57
84
80
20
69
40
52
80
98
68
89
85
44
47
97
86
19
29
90
69
61
75
93
66
59
4
55
15
5
61
60
62
97
92
83
18
85
87
99
83
55
40
20
52
39
69
38
10
98
28
80
59
55
25
77
14
29
32
30
35
45
42
49
95
87
32
13
72
72
64
7
79
5
27
31
96
96
70
7
47
50
87
58
58
12
36
24
93
20
6
80
18
1
30
13
88
14
78
60
86
43
19
66
0
46
97
96
94
19
3
41
22
42
52
32
54
88
56
48
60
15
28
78
16
10
43
4
77
22
16
63
17
35
81
17
33
31
13
79
2
17
73
76
59
25
8
66
65
17
66
25
32
46
56
48
57
51
4
34
25
72
49
42
7
83
59
92
14
73
71
68
42
44
45
53
69
53
71
34
22
37
12
54
36
68
54
45
71
58
31
97
30
80
39
89
15
99
81
29
24
5
98
18
49
95
71
71
48
95
57
71
84
69
77
20
89
32
65
61
42
96
58
25
29
97
66
44
48
0
26
24
5
76
42
6
71
66
29
71
61
87
94
45
8
72
66
98
56
83
11
98
80
69
75
9
18
42
5
19
94
31
43
51
7
86
57
78
4
87
2
65
26
96
10
34
68
28
32
24
12
43
75
44
64
2
53
35
96
58
54
90
42
49
41
49
87
51
80
91
90
82
56
16
78
19
50
99
99
35
75
63
30
2
7
95
5
12
82
53
71
88
44
65
37
37
14
25
88
46
68
78
28
77
46
59
96
97
58
47
32
85
11
62
88
18
9
45
31
43
98
54
31
94
19
21
32
85
98
72
32
66
3
12
43
49
71
91
98
81
39
30
67
50
45
7
20
6
52
51
50
2
57
33
97
76
54
29
14
52
53
46
71
8
58
14
58
82
6
56
15
97
39
34
47
36
41
67
42
45
71
44
48
28
30
45
57
84
26
71
89
79
69
60
88
27
74
98
61
32
6
77
29
45
11
28
33
53
48
76
50
19
72
98
99
2
43
56
39
21
79
28
53
48
40
41
28
14
91
89
99
97
66
80
95
78
9
28
83
57
56
33
28
81
84
27
83
79
36
74
1
15
2
54
16
42
47
44
9
90
33
60
87
52
40
34
82
49
63
17
58
71
2
86
52
86
66
88
66
2
62
19
69
17
73
85
11
72
29
72
62
15
32
1
19
25
36
1
74
99
18
85
22
72
71
75
59
37
63
77
91
25
96
61
94
69
46
6
93
28
30
55
43
15
56
14
40
44
15
66
95
85
51
18
57
75
93
68
64
56
45
56
33
41
17
80
62
15
38
55
43
68
62
38
83
71
52
23
15
19
42
11
56
93
29
66
20
22
34
85
30
80
41
15
73
10
95
36
25
85
43
21
54
58
59
89
29
64
65
44
83
7
7
40
52
36
6
73
10
92
58
40
24
51
8
98
61
3
86
38
89
81
59
95
39
71
84
20
35
1
65
18
8
72
10
61
61
68
34
71
13
44
64
37
95
72
35
56
75
73
46
16
55
6
63
46
77
0
67
64
1
84
82
62
8
45
23
69
65
9
93
78
53
57
16
48
29
3
56
56
77
2
25
84
60
88
82
89
88
49
53
90
85
88
4
46
85
27
15
50
88
60
81
93
17
97
41
98
52
49
55
81
3
80
17
64
20
0
5
9
1
11
51
87
51
55
33
36
34
0
38
22
13
19
15
30
68
8
29
21
9
36
54
12
68
72
28
88
72
34
97
25
97
0
12
48
7
97
36
41
50
74
15
15
46
82
45
66
42
26
39
51
14
94
64
82
66
92
71
90
78
20
15
27
73
80
75
80
29
11
22
31
38
89
46
36
72
44
2
14
70
42
66
37
36
82
19
54
26
42
96
5
63
11
32
88
43
60
68
73
23
42
4
13
32
3
49
56
47
52
22
69
94
88
6
82
22
26
88
49
20
84
54
35
47
38
23
91
50
92
64
74
86
20
87
70
75
37
26
22
41
49
92
87
89
50
21
12
28
9
13
49
93
67
84
40
57
60
31
8
52
47
34
90
20
21
61
95
10
87
70
51
88
62
38
78
64
59
42
93
68
55
42
13
74
78
6
83
38
89
91
42
89
25
33
9
99
46
4
9
33
74
61
22
88
51
52
5
11
46
98
31
1
92
97
27
70
55
10
61
44
54
3
33
79
88
42
30
34
99
40
20
25
53
94
66
4
98
71
67
44
21
51
45
13
48
24
35
3
34
96
99
88
52
33
20
92
27
50
27
78
90
99
56
43
93
22
0
91
45
67
35
66
18
32
79
18
8
66
73
42
63
73
31
67
58
3
59
85
53
38
64
96
37
20
91
82
94
91
73
91
11
60
57
81
44
88
0
52
54
25
47
69
98
30
88
56
33
48
94
86
38
58
34
76
30
26
10
76
17
36
67
28
96
76
10
93
64
62
97
70
87
44
92
38
74
80
94
59
80
88
46
19
98
80
47
80
58
57
56
28
93
75
56
42
51
18
87
15
32
84
38
72
81
30
10
55
62
56
15
43
45
13
62
95
45
9
76
4
66
84
32
12
60
40
54
11
11
41
79
95
77
69
67
58
99
29
66
61
86
81
56
31
46
18
78
43
27
6
47
46
91
31
58
3
24
64
66
87
5
97
82
82
66
2
93
17
31
59
31
17
40
87
0
38
6
79
81
85
37
81
83
80
12
41
83
88
57
2
75
62
51
10
97
18
12
90
87
43
1
70
13
93
58
13
31
16
44
64
53
82
45
37
62
10
30
98
98
88
0
26
2
51
36
51
21
48
93
61
43
94
31
56
87
41
70
18
9
66
83
63
48
80
52
11
90
82
9
41
22
61
67
77
64
3
28
38
3
22
51
98
68
82
55
56
76
77
26
85
43
61
0
44
42
52
7
84
87
68
25
61
29
92
38
45
47
19
35
2
41
86
1
61
21
8
17
97
37
96
34
32
57
35
76
51
39
83
36
26
51
61
40
32
6
78
30
53
97
65
8
90
52
9
52
25
69
21
22
6
17
56
90
27
43
19
78
83
2
14
61
6
76
1
90
82
80
72
87
29
38
95
72
42
56
76
19
25
97
41
83
67
49
26
94
45
45
72
28
99
39
89
57
67
43
48
49
75
72
88
4
62
36
28
4
44
4
23
22
54
16
5
21
18
83
67
63
28
91
43
28
30
32
85
97
27
85
98
2
58
87
7
20
75
87
77
19
92
52
41
46
69
99
19
39
82
38
2
11
29
45
91
60
29
76
9
57
62
8
59
72
47
18
92
22
6
21
93
50
74
35
48
95
86
19
34
68
57
88
31
86
85
22
98
14
99
8
23
13
16
35
37
15
53
81
89
11
3
82
13
29
69
13
24
55
32
10
24
89
98
55
28
83
30
78
49
29
86
73
94
54
8
31
69
13
12
58
77
67
93
90
96
62
56
72
18
88
82
94
30
32
1
10
15
31
88
17
12
75
90
58
81
50
89
51
15
54
61
92
73
54
35
70
17
91
42
87
79
25
81
61
57
82
71
25
66
60
42
78
87
84
89
68
34
78
19
1
84
33
94
58
87
29
80
56
72
22
43
3
99
76
65
9
11
36
86
77
48
80
7
35
64
96
4
50
27
75
51
63
8
97
21
48
78
53
4
50
76
0
6
27
76
71
36
87
59
74
16
60
54
24
95
70
72
51
20
51
27
24
15
35
21
88
35
0
42
40
2
70
92
8
97
68
31
86
8
43
60
24
3
15
0
50
85
25
2
58
76
29
34
91
16
55
32
52
7
74
44
62
44
36
22
93
56
6
79
16
49
92
93
4
59
45
54
44
70
56
54
99
37
88
90
54
96
74
58
55
48
2
69
44
90
92
38
46
98
69
63
99
61
56
3
20
53
57
17
24
14
71
23
51
12
65
57
60
40
15
15
40
17
85
85
7
29
75
6
27
44
21
26
6
29
29
26
82
38
43
6
4
67
81
8
31
47
65
91
39
33
58
79
50
43
16
10
24
91
68
51
36
89
29
94
70
10
20
52
49
16
11
5
35
44
13
66
43
31
9
82
64
67
14
14
63
30
76
87
22
96
39
10
37
20
4
7
31
76
12
32
44
23
37
79
19
3
97
63
34
6
45
98
74
11
64
37
42
41
76
16
37
15
78
27
88
82
34
71
10
46
3
55
21
92
86
41
95
84
4
81
42
1
79
68
65
44
57
59
37
34
75
26
1
5
53
89
39
88
60
49
86
15
56
8
60
43
1
7
79
57
89
21
10
68
90
75
64
47
34
1
81
61
28
35
66
33
24
5
21
37
7
8
4
63
68
64
6
69
72
85
26
13
59
36
33
49
64
98
48
98
99
82
60
79
17
78
13
41
36
86
30
43
46
35
6
14
99
65
35
23
2
13
36
61
2
22
62
66
20
11
16
71
93
28
3
10
7
16
51
43
54
82
86
1
69
44
15
68
61
3
44
64
16
32
25
18
54
88
36
74
51
53
98
44
81
1
54
88
17
57
83
23
91
21
24
60
66
92
81
27
95
77
91
11
9
69
82
64
9
18
90
60
71
88
56
53
89
62
93
58
71
77
82
15
98
6
27
16
50
60
44
45
37
87
9
47
8
43
11
69
61
1
81
85
42
37
90
31
51
83
42
23
12
24
90
11
82
17
79
33
78
75
30
15
63
39
14
23
82
25
93
96
79
26
33
73
16
23
4
67
58
46
42
71
22
32
34
5
2
13
90
80
41
20
47
56
12
62
79
46
39
24
42
70
51
27
43
19
50
0
86
61
46
81
84
21
13
18
78
15
83
68
47
24
40
47
80
52
9
12
99
0
88
93
71
39
21
66
58
23
66
97
84
65
78
20
86
43
38
64
11
74
84
10
50
24
57
83
77
18
95
28
19
35
21
42
27
94
8
37
18
75
34
54
40
64
75
78
8
65
94
19
91
78
29
94
2
39
77
31
57
24
59
28
59
33
70
86
27
79
24
97
6
10
52
98
75
79
28
35
96
22
6
40
0
35
34
54
26
11
86
84
87
97
12
98
30
83
85
58
14
61
7
72
71
11
70
98
90
98
33
39
72
39
79
72
27
13
78
53
76
64
37
63
14
2
61
44
37
98
54
51
11
62
75
83
73
97
33
16
47
67
55
19
6
86
91
85
51
69
39
27
86
28
42
0
30
55
96
67
6
51
70
17
13
97
52
38
94
86
54
41
53
61
60
11
47
3
97
50
73
88
77
11
16
71
63
99
27
59
18
85
10
41
2
75
38
55
14
33
41
20
74
46
34
35
57
33
38
6
84
63
94
61
26
63
85
89
62
64
49
80
49
59
21
51
87
12
58
53
45
51
73
19
97
7
6
7
41
97
65
25
60
60
38
87
23
75
76
37
39
77
69
88
37
43
92
76
55
50
29
0
54
54
71
51
62
78
10
55
75
76
32
87
36
22
26
11
98
55
0
37
32
69
78
21
12
70
49
67
72
78
67
26
33
39
30
47
69
40
2
96
16
86
83
4
8
62
67
58
69
67
96
1
37
74
75
49
96
24
69
68
55
36
95
88
27
25
35
48
17
89
44
86
27
80
90
35
42
10
46
63
77
42
16
66
68
91
68
16
68
37
36
23
25
31
63
5
8
50
53
78
91
50
64
18
30
6
5
24
16
51
87
46
45
3
12
65
47
32
81
67
69
18
42
47
1
5
52
62
7
57
40
98
7
56
68
89
62
73
13
79
77
52
25
22
56
89
88
55
22
21
22
91
91
64
90
45
21
94
59
80
52
51
78
11
7
46
1
69
71
66
48
48
19
25
23
75
15
63
82
37
84
4
80
28
20
71
73
93
65
32
73
69
35
3
33
42
1
34
11
72
52
12
73
71
37
96
46
52
59
80
41
95
84
22
23
56
93
48
49
10
32
74
32
67
77
65
9
78
51
73
51
55
85
76
27
74
72
25
27
31
6
20
26
42
42
2
99
87
50
Average delay time: 3171056.06025 ns
