Consumer with PID 7877 has finished
5
29
2
40
89
9
98
55
6
71
25
25
58
95
63
76
23
24
40
8
33
72
10
19
63
35
37
33
8
5
79
65
86
81
5
76
42
56
31
48
27
9
73
86
4
37
14
79
61
54
88
47
78
98
66
41
85
3
26
45
60
5
11
47
38
68
75
32
24
58
81
4
67
6
90
23
95
56
3
9
10
91
56
88
41
74
81
26
77
59
24
90
17
87
89
7
55
16
40
80
74
73
84
94
79
26
69
75
34
72
84
44
15
92
84
56
66
17
35
95
28
11
37
45
98
26
53
53
94
45
85
69
18
21
15
49
99
84
24
33
9
60
29
24
4
65
33
70
34
20
18
63
83
55
8
81
34
13
86
28
10
24
49
28
97
64
78
49
1
54
82
10
67
64
86
71
29
71
94
64
91
12
79
74
67
39
7
1
53
46
82
63
70
31
44
67
48
22
16
49
28
51
11
47
67
49
19
48
21
65
64
64
77
43
91
96
83
98
50
36
96
32
51
66
15
47
86
63
21
54
64
50
57
27
97
24
77
68
25
98
33
89
14
62
33
5
59
16
56
61
4
52
45
7
19
60
55
57
76
76
63
92
78
21
72
28
97
49
48
22
99
82
64
13
96
97
71
7
65
27
68
69
79
13
28
50
26
35
7
2
64
23
46
42
96
18
22
93
67
71
68
18
5
84
84
1
81
55
9
98
82
29
19
13
43
47
64
21
83
23
23
47
46
69
41
42
88
16
88
7
87
8
78
92
92
62
45
25
69
6
23
3
36
42
16
31
41
32
52
76
8
27
75
54
96
69
49
36
85
89
96
24
49
74
68
93
88
13
70
9
20
93
12
8
87
80
39
80
13
91
57
73
18
84
79
66
53
28
55
38
69
51
62
18
77
30
63
17
96
33
26
68
78
38
76
65
70
67
98
35
58
7
8
28
91
88
46
45
68
1
35
38
4
98
8
33
80
72
50
28
57
76
96
36
66
24
53
89
91
51
24
1
58
85
29
2
73
28
47
93
81
82
31
86
32
92
71
65
16
22
93
73
50
90
9
69
66
15
58
58
66
34
59
77
19
41
79
44
69
78
38
50
60
69
88
45
13
60
10
29
34
55
55
84
97
16
53
64
31
63
22
50
98
81
27
17
74
58
62
43
36
0
46
48
21
34
93
87
46
55
68
80
63
23
65
60
92
70
24
23
34
98
25
84
32
52
53
6
62
15
50
50
67
48
99
41
34
44
80
81
52
48
61
15
24
78
75
16
1
52
91
87
50
17
71
82
21
24
89
84
92
91
34
11
39
85
4
73
30
84
54
82
85
68
49
9
98
24
77
51
76
20
38
27
37
61
61
11
38
50
47
30
93
81
93
32
19
50
6
49
86
12
83
71
32
32
32
83
8
61
34
37
82
25
16
71
86
77
82
24
80
29
6
73
63
0
6
82
50
64
83
36
28
66
60
13
50
92
96
10
6
82
47
88
7
63
59
94
41
94
18
21
23
25
94
86
77
52
20
79
68
3
67
97
21
27
10
23
72
58
34
78
40
81
18
48
45
77
94
38
71
64
11
47
41
57
85
18
10
6
97
78
9
17
27
31
44
89
54
68
47
40
46
40
22
64
88
19
94
34
9
17
98
20
16
40
77
2
10
87
8
8
18
69
77
45
0
21
35
7
90
34
47
88
74
21
5
14
92
51
48
1
20
99
21
37
39
51
39
49
38
47
9
8
16
86
6
69
60
93
28
2
27
27
90
2
1
47
68
93
98
17
47
71
16
68
8
7
19
47
56
10
46
18
70
14
4
76
35
16
69
15
18
49
43
61
3
44
8
71
89
59
40
36
82
56
57
90
15
76
89
72
38
35
42
9
1
98
37
89
15
59
4
33
8
99
46
11
43
7
34
85
66
75
21
0
31
78
90
47
7
79
71
97
66
65
58
19
63
96
8
78
55
13
64
15
12
10
78
8
17
12
45
35
87
66
35
71
97
25
70
56
56
93
53
22
58
12
42
21
60
2
52
67
67
16
82
32
26
60
40
44
24
37
31
12
3
67
35
52
44
5
60
1
98
14
75
8
78
69
29
90
72
81
57
39
49
91
71
76
3
63
72
27
0
55
91
56
22
26
60
19
83
21
20
33
87
47
41
17
17
71
7
89
4
16
80
54
7
4
82
10
67
6
89
20
61
81
28
36
7
88
55
43
61
75
76
0
74
18
17
91
41
76
32
45
92
13
51
99
17
85
61
36
91
51
56
53
32
36
89
91
77
44
34
38
71
11
91
45
81
8
89
22
85
21
19
29
34
71
29
51
8
42
40
0
93
96
5
25
85
94
69
62
90
55
52
13
18
43
10
99
52
99
73
89
21
93
18
7
16
99
59
24
42
51
24
87
47
29
65
84
75
34
46
17
41
99
30
60
42
41
11
46
92
85
87
13
78
58
21
94
9
32
70
3
83
47
91
82
28
56
67
4
42
65
73
83
64
4
43
59
97
55
57
89
40
97
55
70
55
28
16
16
60
86
20
95
33
11
29
14
67
48
70
61
14
43
44
30
47
40
41
96
47
51
86
87
48
93
9
55
21
25
71
33
63
91
28
49
54
9
63
73
58
33
34
24
76
79
54
76
19
48
72
66
99
10
5
47
3
66
54
76
43
25
9
6
69
89
7
75
99
70
49
9
55
83
33
32
14
87
60
85
87
84
3
86
95
60
85
50
26
39
27
69
17
88
28
38
78
35
13
77
58
62
86
13
98
19
45
12
58
57
98
46
42
53
84
37
14
70
39
92
61
18
14
30
7
42
68
85
29
82
14
87
96
0
1
94
71
98
59
81
56
9
79
98
62
64
87
76
86
78
69
47
97
83
78
56
77
98
93
6
32
7
46
29
7
47
75
30
97
34
11
5
43
91
3
6
7
42
34
93
73
55
92
22
90
22
78
67
21
71
26
53
78
72
34
37
71
10
67
68
44
30
26
40
73
29
46
80
24
32
25
97
88
18
71
78
92
49
46
65
72
24
71
2
96
5
39
19
67
58
39
64
88
65
4
62
47
2
94
71
34
20
20
22
90
91
53
34
92
51
0
64
75
71
18
23
28
57
42
96
67
33
12
7
99
16
21
98
70
16
21
56
88
41
31
30
84
84
64
28
35
64
44
62
87
62
85
16
71
79
64
38
12
76
97
63
44
19
61
14
87
82
70
27
75
1
57
11
37
21
91
72
38
35
86
77
97
71
93
20
2
9
58
67
85
8
82
81
27
44
47
66
78
70
93
6
71
50
69
61
23
61
33
13
96
72
91
46
43
36
66
98
46
77
65
83
85
47
17
64
43
64
30
74
34
75
32
58
25
1
19
0
14
4
66
63
76
57
61
72
45
27
70
43
56
87
27
93
34
96
9
30
60
91
56
95
66
88
5
43
41
24
44
56
80
10
71
57
19
32
29
16
11
51
60
68
38
39
13
24
35
23
6
95
14
62
42
81
50
47
24
44
23
20
52
4
82
23
13
53
7
94
70
18
45
30
86
35
69
52
11
4
75
18
51
41
80
94
22
83
93
99
79
69
19
31
73
54
54
38
7
13
32
77
31
29
59
70
16
28
22
27
84
97
45
36
38
78
82
13
13
27
12
92
96
83
23
21
89
29
59
97
42
91
26
73
72
86
43
88
66
17
16
51
66
13
87
57
91
21
70
4
48
34
96
45
69
71
66
59
0
26
8
94
69
34
20
94
72
63
82
39
33
50
90
99
64
29
56
7
50
78
64
50
64
12
95
34
84
14
45
36
92
53
83
61
39
3
7
12
18
90
51
51
92
93
51
56
74
59
16
76
90
80
26
54
44
74
40
28
88
85
17
80
90
0
93
30
55
1
42
73
43
45
25
35
90
28
92
64
39
60
92
29
40
18
84
84
44
24
65
32
10
34
64
0
86
58
82
41
59
76
14
54
73
39
89
63
19
33
79
59
93
71
88
85
42
72
70
86
49
87
71
11
21
35
11
7
45
46
0
56
22
14
10
96
6
0
11
25
33
91
36
27
14
25
12
8
49
34
47
50
73
18
61
46
5
25
5
3
71
5
59
93
20
70
41
26
22
53
3
7
96
40
34
10
17
99
71
18
85
18
69
11
88
30
57
45
55
63
48
26
20
8
72
40
30
13
18
52
18
74
59
14
14
46
25
31
97
96
49
34
66
18
45
54
1
55
99
56
70
0
35
90
8
59
83
38
24
53
42
43
27
53
57
41
51
82
24
48
30
26
35
48
96
32
2
97
39
54
6
9
54
41
52
14
52
35
4
76
88
98
19
16
51
77
9
3
11
86
3
42
12
90
42
8
75
45
58
14
51
64
24
57
57
76
23
9
63
27
85
3
77
57
71
28
34
33
83
45
19
39
39
31
81
82
91
56
79
49
71
82
13
47
39
22
75
14
31
38
93
69
93
70
26
65
50
60
98
86
57
17
77
49
0
58
83
91
67
62
93
38
44
58
85
35
81
60
1
12
50
94
33
43
64
59
60
14
71
58
0
29
27
29
30
79
88
13
23
55
75
16
45
71
74
30
58
55
42
11
20
44
5
53
87
69
65
48
35
36
58
88
17
38
17
99
17
57
12
92
12
39
8
57
62
35
39
72
42
33
83
14
77
88
20
65
9
85
65
97
73
75
37
43
13
6
42
83
64
55
75
28
46
84
38
9
71
77
81
13
63
17
80
40
57
0
57
19
37
74
16
10
50
53
5
15
11
48
98
75
55
74
4
53
10
42
62
33
71
96
98
34
65
78
27
22
78
36
41
15
11
9
78
61
14
83
76
26
83
27
1
90
1
57
44
63
51
58
96
23
6
94
9
71
73
36
94
3
25
87
71
36
97
49
49
11
84
77
37
20
4
91
10
57
48
54
72
0
65
68
75
71
15
84
43
40
73
89
95
98
76
66
86
25
67
35
37
52
12
26
72
69
17
82
26
66
89
99
18
6
19
93
77
86
29
72
26
54
61
22
4
90
40
90
67
8
77
4
60
90
31
84
59
0
18
37
66
59
88
36
65
8
81
95
94
11
67
73
17
81
47
22
23
87
64
90
47
42
47
59
84
78
43
95
78
14
84
97
73
73
85
91
81
67
86
27
78
53
52
47
86
99
21
9
39
86
0
86
80
47
98
16
77
41
11
7
55
95
56
81
20
42
72
1
9
58
81
39
63
33
86
50
85
8
59
24
46
11
62
26
10
60
94
39
54
57
47
61
4
55
94
25
97
66
26
58
76
59
49
92
93
36
42
78
96
53
54
42
17
68
20
27
81
14
67
35
71
66
48
75
21
43
0
71
9
79
81
38
90
31
30
83
19
24
13
15
29
19
9
46
40
29
74
21
95
93
8
66
11
56
93
84
99
46
7
61
77
89
99
67
72
81
3
91
5
68
58
34
40
67
33
80
96
59
1
91
52
9
9
15
65
54
99
17
0
7
78
77
48
77
97
20
10
0
63
15
68
21
1
60
40
86
40
88
45
93
31
49
2
92
64
20
46
64
37
47
23
15
76
71
44
73
43
54
73
6
21
94
79
74
54
71
61
47
59
6
40
42
8
95
34
72
67
80
36
4
27
11
71
4
82
67
77
77
73
3
83
46
49
14
20
3
37
33
2
96
92
43
90
0
90
24
72
57
5
61
13
84
72
36
88
7
3
18
84
76
73
20
74
22
86
94
77
24
28
80
72
72
23
63
72
13
87
44
70
92
57
35
29
82
71
17
89
74
87
25
2
60
45
76
82
32
22
60
8
2
92
80
74
15
43
46
80
83
43
2
27
52
37
56
34
60
26
23
34
13
49
88
26
46
16
60
78
90
72
38
93
64
19
67
31
62
66
63
45
9
65
73
61
54
81
96
14
7
71
0
21
72
40
47
19
8
7
49
99
80
88
92
96
59
11
28
73
77
91
71
38
9
44
52
15
77
0
30
85
71
82
6
96
75
5
67
35
64
68
34
96
8
78
93
67
90
73
41
19
64
12
58
73
8
10
89
85
10
71
70
33
5
28
29
32
85
48
68
50
17
2
98
25
33
43
93
23
16
86
42
33
98
52
6
58
62
47
95
72
70
66
58
28
46
87
60
32
36
80
34
5
35
32
30
68
28
75
43
44
61
85
77
11
38
36
21
52
35
17
77
58
35
35
86
33
74
98
65
62
31
51
67
66
36
98
86
64
25
29
60
39
66
38
2
56
26
24
9
61
93
86
19
28
73
57
61
47
56
79
10
87
30
29
5
18
79
91
82
5
20
43
44
86
33
98
43
59
22
4
72
15
42
92
95
15
49
9
62
57
88
24
96
70
54
1
89
85
44
23
90
16
18
86
55
51
85
50
62
59
54
35
75
96
79
22
11
80
31
25
38
71
2
86
42
8
40
83
93
84
6
84
1
25
22
56
28
7
6
91
19
12
78
94
8
57
68
71
37
0
96
75
71
50
14
65
58
54
48
52
90
7
36
91
84
10
99
12
70
57
55
89
69
33
35
77
90
3
0
28
55
49
55
27
99
69
44
58
75
93
10
66
52
98
9
36
8
9
0
30
66
8
19
88
41
54
17
84
58
18
64
13
67
19
92
18
41
37
76
68
82
38
34
34
36
96
22
97
5
22
27
23
30
99
11
24
53
29
8
63
99
72
29
66
43
21
36
36
10
13
5
92
51
91
78
40
87
0
89
44
75
68
68
57
67
31
81
73
12
41
36
11
13
17
29
9
39
66
45
1
79
50
46
82
94
24
74
81
77
15
26
Average delay time: 21372.93819 ns
