Consumer with PID 13573 has finished
90
41
91
70
67
88
70
53
37
41
82
87
93
20
1
30
84
83
83
53
74
53
94
11
92
52
64
93
43
29
55
85
22
47
55
42
87
25
95
24
67
29
63
60
49
64
43
33
47
78
38
22
31
32
85
75
36
1
20
32
82
76
17
57
75
73
99
62
98
46
38
17
75
1
78
24
65
73
9
64
51
47
38
34
31
75
61
67
76
81
99
11
9
69
68
36
42
67
98
92
13
88
10
40
89
40
16
54
13
25
71
16
72
9
2
55
85
63
74
13
96
26
24
58
95
92
94
37
11
45
29
76
33
91
16
75
31
84
29
96
9
0
64
33
62
66
88
47
81
15
60
30
41
37
88
36
81
34
25
93
79
54
21
65
98
90
40
29
74
21
78
84
74
42
69
36
9
10
35
42
25
47
72
66
84
60
2
18
47
27
63
78
33
84
43
31
74
35
13
1
9
91
37
83
33
6
71
94
68
58
37
93
5
9
59
42
22
13
12
69
92
75
47
26
59
43
9
86
30
74
87
39
65
76
74
51
82
97
45
51
55
34
96
13
96
8
7
18
21
19
39
14
94
38
92
5
81
53
43
64
28
82
3
45
58
30
96
41
27
94
44
83
80
40
96
76
48
3
46
22
74
85
88
68
24
32
25
57
85
69
21
65
51
77
11
10
7
59
3
34
5
99
17
86
91
65
14
40
20
61
14
94
98
2
14
22
34
40
32
71
61
53
37
12
30
0
74
37
59
29
24
17
28
41
55
20
59
69
12
79
82
26
74
81
80
40
55
14
32
87
37
93
41
74
58
23
74
32
13
86
62
37
3
42
78
58
62
89
79
74
69
62
0
95
95
80
35
50
46
68
38
84
13
31
10
71
54
85
56
19
23
70
56
26
12
87
36
75
76
15
49
45
29
2
92
24
34
28
27
33
48
17
17
13
48
27
85
54
64
41
74
87
63
82
65
75
69
1
50
46
69
52
43
98
54
36
75
40
16
54
73
64
71
90
29
71
70
14
25
86
7
51
26
70
34
91
46
3
93
48
1
14
0
45
64
6
33
39
47
49
93
20
65
16
63
94
87
85
61
65
71
68
16
97
91
2
41
89
58
86
37
59
0
90
56
64
48
89
4
95
90
49
68
55
66
83
2
5
20
63
70
43
31
87
93
74
41
34
63
99
20
53
11
20
43
67
84
91
9
40
39
99
42
59
7
60
42
9
65
62
72
36
5
55
75
98
30
16
84
93
68
4
98
79
24
41
98
61
85
59
53
24
59
95
83
66
55
77
27
21
91
99
9
48
54
84
99
36
52
83
82
20
40
80
51
64
22
2
77
59
61
31
83
72
78
18
90
86
47
17
59
38
16
68
38
23
4
37
11
56
73
93
29
13
74
32
77
48
34
7
7
96
90
42
68
68
12
59
6
59
28
65
49
97
33
87
20
89
77
83
46
50
77
27
63
3
59
92
3
46
99
62
42
41
56
62
62
68
73
68
79
2
34
80
51
19
19
23
9
96
6
7
46
35
34
61
38
45
54
93
91
5
55
85
47
11
0
61
31
25
29
62
79
15
42
30
87
62
53
48
10
60
55
9
95
41
70
86
86
24
79
30
82
35
67
29
98
19
42
82
45
23
44
24
39
39
7
78
1
60
26
63
72
81
72
20
74
43
6
60
19
85
42
1
72
62
82
23
81
24
5
78
48
1
3
39
40
62
17
93
22
95
57
47
76
29
67
50
24
73
62
44
10
57
45
35
19
80
58
52
4
15
31
4
16
86
43
57
48
12
2
22
7
59
69
35
41
88
37
17
61
52
61
24
9
59
59
80
39
69
84
95
36
15
0
4
53
95
13
1
60
16
76
67
75
97
55
68
86
92
86
99
44
99
23
5
58
34
37
49
55
22
97
91
89
97
96
43
44
9
96
4
77
72
24
5
70
79
73
8
23
11
7
68
11
83
25
21
69
15
23
25
37
20
68
78
69
16
21
13
26
18
18
3
42
42
8
64
73
34
72
96
45
32
16
8
15
42
30
84
9
53
61
98
73
30
76
42
46
50
7
24
68
77
80
62
71
40
27
44
74
51
41
72
83
9
80
98
3
62
35
12
15
96
10
40
26
87
34
25
89
42
49
57
71
29
71
43
70
98
87
96
50
80
20
85
42
1
36
45
63
71
58
31
67
20
23
46
59
58
71
48
52
72
57
23
54
29
66
24
79
6
72
81
38
93
67
80
46
3
26
61
26
36
44
93
56
68
91
68
78
14
16
30
87
74
5
41
55
72
17
34
30
41
16
20
86
83
1
84
38
79
46
64
67
42
9
75
10
53
43
88
67
60
70
6
86
76
99
41
0
16
75
30
10
91
50
96
26
3
81
16
34
79
80
1
21
90
77
84
43
20
24
62
32
95
69
18
23
68
11
23
37
87
5
47
30
7
95
9
11
76
25
45
7
6
99
29
48
76
65
43
48
89
5
81
36
74
51
59
95
63
34
32
50
39
31
32
99
26
41
62
55
19
59
62
25
58
43
25
34
60
68
83
50
73
16
38
0
67
98
47
30
84
31
32
24
62
65
75
40
58
37
47
77
96
10
54
55
5
79
41
66
47
24
68
73
40
6
25
60
56
24
90
41
55
23
17
69
40
92
9
98
29
9
28
77
71
82
32
76
62
74
94
61
50
62
86
43
21
11
3
77
35
45
18
42
68
87
11
8
79
73
59
60
82
87
38
53
21
70
81
83
96
76
97
99
90
83
94
11
47
49
41
34
94
11
29
15
99
40
75
78
65
34
39
99
73
77
4
95
99
86
30
48
14
27
99
56
63
45
68
62
94
61
48
40
72
77
55
71
70
83
2
35
17
41
35
43
70
39
38
21
77
68
69
91
48
20
0
63
65
20
25
11
81
73
4
53
51
11
77
21
94
79
8
64
72
95
7
42
87
97
63
64
65
85
8
65
57
8
28
23
80
5
86
61
79
90
66
82
2
43
55
48
74
15
12
46
11
19
88
98
16
4
14
34
41
74
51
98
34
80
73
14
85
12
27
16
2
94
98
56
89
5
5
64
21
69
10
32
89
51
82
57
7
48
43
0
75
47
98
9
79
24
76
64
36
3
33
90
49
83
99
39
89
56
55
62
25
17
46
66
20
28
76
27
28
71
27
3
18
78
65
97
54
41
14
42
96
47
84
46
82
83
85
23
91
92
85
17
9
31
35
30
11
63
57
92
35
37
95
53
67
60
3
73
53
17
15
50
16
99
96
98
35
33
74
26
25
59
95
86
43
83
16
6
46
26
98
81
15
46
87
82
58
90
55
12
7
22
14
75
21
62
25
8
47
99
35
72
59
82
58
54
65
27
60
12
53
11
45
68
57
32
2
67
22
9
79
81
31
45
56
4
7
34
13
54
33
0
78
44
82
89
98
0
16
11
64
69
74
9
89
83
94
91
50
68
0
30
50
83
75
58
87
35
92
0
89
78
0
68
22
35
57
73
87
25
36
51
94
10
12
35
93
6
26
95
75
78
77
77
61
5
87
48
40
32
1
29
10
53
49
84
40
58
57
27
83
93
30
29
55
43
64
0
1
42
48
28
20
25
5
33
30
93
34
70
77
35
52
87
40
53
71
81
12
81
60
47
26
91
29
82
86
45
34
87
88
82
16
60
8
73
46
90
66
80
61
95
67
65
82
59
70
6
40
82
87
53
82
13
44
63
95
30
8
82
69
48
16
85
9
76
59
7
67
77
87
80
73
6
45
7
65
15
13
58
50
0
11
84
14
7
47
61
89
55
95
58
56
12
96
17
88
55
24
55
84
11
35
9
69
32
17
34
0
30
92
2
83
55
86
97
62
85
10
51
92
6
10
48
18
6
65
6
13
89
14
49
52
1
59
21
34
28
8
34
58
52
36
41
8
74
90
70
59
1
22
51
7
84
0
25
42
17
83
7
7
97
56
11
51
67
33
85
95
93
71
6
45
59
47
53
33
90
24
44
91
98
95
50
34
47
27
76
65
62
35
24
60
91
35
63
11
20
48
6
13
19
12
59
30
12
64
63
2
88
59
45
38
6
95
72
54
74
0
71
36
35
95
48
79
82
11
90
3
59
96
16
30
9
27
60
73
92
75
27
32
86
72
71
93
19
95
47
93
96
70
81
31
17
30
10
99
41
52
2
53
49
71
35
10
50
48
83
42
23
10
27
62
34
98
55
5
45
2
50
41
24
31
25
41
61
87
40
55
40
95
60
41
18
95
51
68
43
86
63
19
48
90
81
34
40
36
39
85
90
89
79
14
72
56
7
86
95
99
41
35
94
1
28
12
48
31
33
92
17
96
11
17
86
44
51
26
80
42
11
22
83
42
36
56
98
95
42
94
94
35
81
41
88
10
5
36
41
38
28
11
34
91
80
72
35
32
98
67
74
62
89
10
56
77
66
55
72
60
49
19
95
82
60
83
92
65
71
86
4
0
49
90
43
29
63
79
13
13
46
40
27
88
50
84
65
16
91
90
76
92
9
23
74
69
58
19
34
29
57
90
81
6
33
25
35
48
4
1
13
2
41
41
42
91
77
8
7
20
98
35
12
59
10
38
28
20
57
14
49
66
5
31
72
90
8
60
38
64
61
51
18
2
44
61
93
73
69
52
93
19
39
57
78
1
96
58
21
5
72
70
72
29
53
96
71
13
8
9
77
69
61
96
23
5
57
68
31
78
72
24
49
11
34
79
64
30
37
85
87
61
8
11
43
13
60
14
27
68
24
4
90
37
52
13
94
9
34
25
87
6
2
36
70
36
67
34
66
4
72
5
18
80
17
61
45
29
27
72
97
3
29
87
40
81
53
87
43
87
12
30
45
14
19
67
50
86
2
68
43
26
26
61
58
95
74
3
24
53
28
21
57
57
61
49
90
66
36
33
53
1
16
50
67
35
18
70
73
72
90
68
98
16
29
56
11
55
11
87
61
39
61
18
48
22
19
39
88
8
72
93
61
88
43
28
75
13
50
1
85
41
69
83
57
51
91
21
58
3
8
19
42
21
89
91
43
9
82
83
17
6
76
30
47
72
58
22
85
9
75
23
50
97
58
59
48
50
32
58
53
93
78
47
14
67
90
10
28
24
93
97
31
70
27
78
94
38
52
31
47
28
54
49
25
13
60
25
63
45
83
68
38
13
67
4
33
58
14
13
82
8
11
65
30
90
43
24
28
96
55
27
76
10
28
53
23
89
78
38
34
13
58
24
79
25
28
12
35
43
77
18
3
88
83
33
31
79
57
11
75
64
39
3
26
67
56
1
8
34
39
94
99
97
18
78
23
47
42
58
42
20
28
45
60
64
30
91
95
87
3
22
3
94
25
30
61
81
31
22
67
71
16
66
20
35
97
95
34
39
6
28
59
86
25
72
2
55
63
97
94
18
19
97
12
44
79
26
25
11
48
92
34
64
11
6
51
8
2
37
47
60
65
59
46
90
31
49
97
46
46
91
17
18
41
29
62
20
7
40
83
55
84
17
72
95
76
23
3
78
13
3
38
78
14
36
21
97
85
70
43
84
62
60
2
55
42
16
75
49
56
11
57
41
28
29
88
4
4
92
34
17
47
24
48
61
61
21
58
46
91
53
82
5
66
84
60
60
1
88
9
9
99
66
50
79
47
39
36
52
83
70
21
30
47
69
43
8
90
53
6
34
58
89
39
24
25
52
84
26
40
46
36
91
64
38
70
12
29
6
16
12
29
37
94
76
59
89
36
1
42
42
35
1
83
27
77
9
79
14
87
71
12
23
62
76
14
32
40
43
39
56
56
20
94
2
96
53
92
32
54
86
26
42
39
10
69
17
19
0
83
6
71
47
82
33
23
96
65
64
91
56
72
99
28
18
2
24
23
46
8
30
32
35
72
72
97
93
41
16
93
76
74
64
23
56
97
98
4
14
62
48
23
87
47
51
5
1
28
29
47
88
59
80
23
83
4
20
76
45
88
69
73
63
33
96
71
82
94
28
48
9
76
71
96
23
75
53
25
3
34
72
91
93
4
67
28
8
39
4
5
28
25
78
43
10
26
14
44
21
42
93
82
18
64
30
94
91
83
19
94
18
43
38
63
0
5
92
60
96
48
66
24
74
96
19
84
75
34
29
96
28
74
30
47
90
60
41
82
43
12
28
13
7
66
77
7
23
21
68
20
69
86
96
43
34
16
80
9
2
61
57
30
35
87
29
25
47
70
7
43
34
36
8
42
54
85
49
78
6
17
50
28
55
98
71
90
14
3
99
68
64
57
99
99
44
28
77
44
51
84
39
85
72
47
27
27
85
29
57
43
98
59
71
54
57
43
44
24
98
43
92
63
52
43
14
49
24
43
45
75
80
84
12
52
83
40
31
68
21
40
12
19
99
83
73
9
78
17
33
29
13
77
44
65
21
58
14
45
54
59
72
34
95
84
38
79
76
70
99
97
62
63
17
62
99
42
23
29
12
56
58
25
85
2
42
58
13
9
55
67
20
27
53
16
64
91
47
40
13
98
90
76
62
59
90
13
53
13
42
65
21
53
42
58
55
85
17
20
94
24
39
66
4
92
82
68
84
81
60
49
80
2
25
94
13
67
7
67
32
1
32
53
54
75
64
62
60
81
82
6
57
22
72
61
66
7
81
2
40
94
52
20
96
29
66
10
97
25
77
29
27
61
35
81
36
99
43
48
32
26
54
89
0
79
51
66
38
84
21
78
78
73
99
27
2
17
89
51
43
66
81
70
27
68
51
16
67
47
64
99
25
Average delay time: 17066952.54231 ns
