Consumer with PID 8105 has finished
18
31
22
3
31
54
48
52
55
64
62
85
82
19
0
99
29
56
53
95
82
0
98
88
21
8
52
82
73
96
25
43
79
47
46
63
53
95
67
61
59
29
46
94
0
46
93
82
54
98
77
89
51
27
77
72
88
29
6
61
77
31
5
8
31
51
71
36
98
38
97
10
19
95
4
72
94
49
54
48
99
83
37
50
10
66
75
98
47
81
12
76
13
69
85
96
72
56
32
71
47
82
81
18
77
37
90
71
38
44
72
37
27
9
40
38
28
15
88
75
96
0
52
61
69
37
57
42
45
42
13
44
24
46
63
1
35
53
25
73
50
97
10
77
58
2
67
86
17
56
62
14
8
66
27
78
55
37
72
0
79
37
97
55
83
60
56
70
65
33
43
15
82
5
45
41
8
64
27
25
20
41
91
81
59
71
59
14
8
83
67
39
20
64
94
55
76
2
25
41
36
20
9
18
25
54
59
33
18
39
11
91
32
54
72
44
25
83
58
85
18
77
24
38
41
18
45
17
21
22
11
9
42
72
27
67
26
39
53
96
30
16
39
14
70
63
58
48
98
69
33
16
46
58
6
40
28
51
9
49
25
72
58
67
44
38
87
22
29
92
19
11
8
10
25
78
74
36
78
24
57
12
41
55
70
47
95
98
51
57
0
76
29
10
96
74
0
83
96
29
75
67
92
35
78
18
65
4
6
44
28
63
56
21
18
78
21
66
28
24
23
28
52
4
91
48
78
91
83
75
73
10
94
65
45
24
35
63
28
41
7
9
56
63
82
27
41
55
45
69
79
68
50
32
24
41
32
3
84
68
30
57
30
24
23
76
49
58
91
29
52
98
90
8
13
25
87
6
80
32
27
60
0
77
44
77
70
28
80
55
96
62
12
27
38
87
55
39
46
46
69
50
96
11
58
9
36
98
15
17
30
42
29
83
72
25
60
42
53
40
97
2
54
62
29
92
49
36
32
47
34
53
97
30
16
8
39
53
6
54
22
36
48
3
19
20
28
31
15
33
23
12
35
77
26
16
70
76
52
54
75
86
7
25
68
23
33
7
28
91
13
2
79
14
5
51
34
85
82
1
19
6
66
54
83
92
23
5
20
75
59
96
14
18
21
82
42
6
42
22
49
55
25
28
21
30
31
8
16
14
9
87
72
75
41
55
68
64
13
40
92
72
88
58
91
61
40
85
67
82
7
68
90
32
97
11
15
28
19
31
94
81
18
66
56
11
74
76
28
87
17
72
59
5
30
2
67
70
87
86
5
95
55
47
27
4
10
94
84
82
25
31
63
95
97
71
59
71
48
87
10
65
59
70
22
41
72
41
63
12
80
68
7
87
67
86
91
30
81
27
12
58
58
27
6
8
98
65
31
98
4
42
15
15
12
38
56
36
79
19
48
11
40
7
98
59
46
89
89
27
69
53
37
79
32
43
87
31
8
71
29
64
13
45
79
77
35
35
13
66
7
14
78
47
73
76
6
19
18
48
98
87
1
36
18
34
79
58
17
40
29
98
4
42
95
36
19
30
71
84
49
30
50
27
77
24
55
36
43
73
84
42
12
37
30
31
71
61
89
40
1
18
39
58
12
34
94
31
17
17
67
66
48
18
45
77
94
0
65
37
74
49
31
38
39
13
21
10
75
10
51
28
80
42
86
92
76
32
75
45
2
43
11
2
13
8
79
7
9
45
96
35
46
80
73
85
93
47
48
68
9
51
49
90
93
87
34
21
20
62
67
74
57
30
76
70
39
55
29
0
52
25
35
51
5
60
88
51
7
36
71
17
39
20
59
32
8
93
6
28
7
25
2
64
7
30
34
46
37
15
46
90
41
33
93
98
46
81
49
53
70
73
22
9
93
81
94
1
27
0
81
34
25
35
99
32
65
85
31
3
1
29
45
94
15
38
44
61
71
46
14
41
19
37
3
12
70
97
66
97
97
47
84
74
35
83
58
0
20
89
55
73
71
52
67
86
90
64
47
14
10
13
7
29
2
10
41
73
7
7
22
4
7
6
30
42
41
89
94
62
30
50
35
53
2
55
39
45
19
38
11
29
4
18
10
6
29
3
31
88
11
54
45
70
60
75
64
2
16
58
16
47
60
3
52
15
58
92
60
29
82
23
10
86
41
20
93
22
24
76
11
87
30
56
57
91
31
73
45
0
31
61
47
92
64
51
7
75
43
19
56
78
42
67
64
35
39
9
58
63
86
69
2
68
77
11
11
60
84
56
60
16
69
59
60
86
11
19
13
6
38
69
84
32
88
1
67
28
62
77
43
0
98
98
21
75
9
32
36
94
41
48
62
62
8
22
48
71
41
13
77
31
35
14
15
75
67
82
3
29
12
99
82
10
97
3
38
6
35
74
52
28
74
14
91
34
88
39
5
81
5
83
12
40
49
79
67
16
62
23
97
74
22
79
36
71
82
74
29
70
0
82
98
75
48
89
9
89
81
15
70
38
50
35
30
99
14
97
67
28
20
64
54
42
44
91
65
78
65
95
0
66
29
99
41
29
40
2
18
73
69
41
11
19
28
41
70
94
39
89
23
11
54
77
54
50
68
71
28
86
18
29
52
47
80
45
29
72
47
99
46
17
92
57
88
20
51
11
15
42
0
90
53
6
67
59
56
88
31
37
74
49
18
78
49
98
23
30
22
22
81
68
39
74
78
80
94
81
91
61
23
43
51
28
50
71
88
6
11
71
95
37
72
13
15
21
63
90
3
86
12
85
6
52
59
84
32
5
17
75
19
40
70
70
69
20
93
9
79
4
80
74
41
52
88
8
26
3
98
29
89
11
66
96
15
77
32
47
83
50
74
2
42
44
24
63
17
18
24
96
22
4
22
16
9
10
24
87
14
23
68
55
34
35
3
49
12
36
48
47
38
74
1
32
18
26
48
87
44
72
83
18
29
58
86
90
68
11
77
34
34
45
42
20
80
45
21
45
33
69
92
23
95
94
56
65
72
56
53
68
28
88
86
9
46
25
99
67
36
76
53
22
22
95
42
54
41
15
99
26
84
92
50
31
38
6
96
10
62
49
78
42
38
16
52
84
41
3
51
29
80
5
51
54
52
45
8
45
60
8
72
96
52
22
27
42
80
24
52
42
25
82
36
15
50
40
0
44
44
3
73
24
60
77
30
13
22
38
58
35
98
82
83
50
4
11
92
84
87
96
78
64
30
15
80
81
55
32
25
99
35
50
75
48
27
5
13
2
96
23
37
94
6
20
45
10
83
89
47
22
38
77
39
20
92
19
1
0
51
78
51
38
81
79
86
8
36
99
10
32
75
99
27
81
72
24
43
7
65
90
82
3
20
21
24
12
40
77
64
43
8
16
81
89
47
20
97
83
71
60
16
46
11
43
27
83
19
71
43
84
13
25
40
33
46
16
98
38
93
14
81
53
82
62
42
29
82
92
13
54
4
81
52
15
76
80
51
95
3
94
79
68
71
71
54
17
87
4
7
33
18
88
86
1
2
81
82
37
25
47
43
29
28
95
96
4
27
47
51
30
93
83
51
64
54
57
33
94
61
40
27
31
80
65
84
83
46
67
72
71
14
15
0
95
10
49
51
38
48
3
20
42
38
71
58
92
80
44
38
41
36
65
73
17
31
57
52
77
76
24
1
43
39
1
38
1
2
41
91
51
44
64
93
34
87
3
79
68
47
17
9
84
83
34
53
66
92
57
43
20
81
44
63
72
98
53
25
52
95
17
3
91
81
96
26
68
52
5
36
99
22
98
35
57
32
40
23
76
97
19
49
30
15
12
2
65
66
80
18
13
49
21
4
30
70
82
50
22
87
39
73
62
89
61
19
73
1
95
50
51
14
51
81
81
63
36
47
81
68
65
94
17
86
51
99
8
33
49
30
73
40
4
35
81
65
6
55
18
53
57
69
67
8
3
49
23
91
48
5
59
13
99
76
51
2
75
60
36
76
42
9
69
46
96
50
63
2
57
34
8
14
55
75
22
10
76
98
1
24
3
12
89
54
88
93
57
15
53
93
92
95
54
13
94
50
15
9
4
73
43
12
87
99
40
62
9
68
60
63
45
15
75
34
69
16
27
78
31
32
23
75
28
77
88
74
79
4
83
36
29
79
48
16
78
40
30
39
9
42
54
54
57
30
40
79
46
20
57
29
52
81
5
32
58
45
6
90
1
42
26
30
21
74
99
51
67
29
42
28
24
97
34
33
79
74
12
77
94
70
6
47
3
11
31
13
9
38
3
10
32
29
41
53
56
40
4
23
21
98
3
45
95
37
79
74
11
43
51
58
65
10
57
68
73
88
82
82
78
37
93
10
67
34
63
75
26
19
50
99
18
53
45
65
90
76
92
53
71
95
11
37
5
20
5
79
9
39
61
87
77
6
50
96
92
65
71
18
85
21
18
55
74
15
72
16
43
64
69
66
12
33
3
17
53
61
48
14
52
62
54
29
68
4
77
61
69
48
31
6
21
1
13
95
68
86
63
63
2
85
30
14
18
85
84
23
46
32
38
99
94
92
80
15
96
58
28
17
58
59
24
80
61
37
27
81
75
91
45
78
76
75
44
46
60
28
69
59
13
59
10
59
3
42
74
51
0
2
69
11
14
93
91
75
82
18
8
58
61
53
88
37
80
32
35
41
13
57
52
26
16
62
85
20
4
12
71
57
66
40
68
80
85
59
7
20
29
16
30
91
69
70
80
50
2
16
43
67
73
95
93
89
9
31
61
13
43
33
22
9
25
90
42
63
1
49
35
31
65
65
74
87
35
54
89
89
70
32
57
43
79
50
85
88
33
46
53
76
31
76
38
9
66
32
72
20
81
7
3
99
24
77
86
59
31
75
0
2
59
57
97
38
60
82
26
45
81
31
74
64
7
12
73
26
96
97
98
77
4
1
28
80
78
14
91
9
41
92
63
0
1
61
38
61
95
16
59
28
0
33
93
7
45
18
85
93
16
83
70
72
84
99
53
62
65
44
24
7
36
87
59
38
0
50
51
48
18
10
76
18
43
21
78
40
40
63
33
56
99
56
28
83
7
81
98
24
78
22
31
14
9
43
4
62
93
8
10
63
70
86
82
66
8
60
58
0
75
44
56
74
0
36
10
59
70
8
83
48
30
67
14
91
10
71
53
55
31
15
18
1
2
52
67
62
64
78
62
40
22
70
66
74
58
76
33
80
84
16
80
66
35
95
10
45
18
15
52
49
31
71
50
33
75
70
47
40
48
61
80
70
83
98
44
41
75
29
74
11
97
54
78
33
1
40
30
19
55
83
20
86
6
71
71
81
93
18
21
93
79
53
15
14
52
59
8
79
40
82
90
37
36
20
70
90
60
1
61
16
84
82
54
90
53
26
23
98
44
97
91
76
50
6
42
54
17
50
85
57
32
28
46
21
48
17
11
61
18
72
29
54
6
83
96
59
9
19
9
6
68
52
34
71
58
76
77
27
27
63
36
11
91
83
32
91
0
95
52
70
20
81
24
26
65
72
38
26
43
99
84
12
52
18
83
10
95
60
90
22
75
26
85
66
9
18
58
61
65
10
83
37
44
7
16
61
31
6
87
75
5
72
39
57
42
22
20
37
34
10
11
10
88
97
28
50
67
86
63
84
49
47
74
93
6
90
6
38
96
45
65
1
69
4
11
12
78
31
1
12
93
13
74
33
62
3
83
81
41
47
65
90
46
39
35
52
29
41
42
77
87
7
31
56
11
42
68
89
25
70
54
70
35
28
3
97
83
39
30
25
38
95
15
84
87
51
88
68
44
31
46
31
38
29
40
50
71
60
91
48
82
45
18
17
26
73
66
9
12
96
34
50
44
2
86
31
5
75
51
49
6
49
33
44
78
73
46
1
85
90
49
68
87
67
37
13
93
4
23
5
52
9
8
48
11
94
79
16
69
83
66
27
32
51
24
11
76
70
12
61
60
62
29
48
81
67
13
74
23
88
32
27
98
40
76
9
34
7
26
56
90
44
83
23
95
7
34
71
30
98
84
42
60
14
42
94
33
56
20
8
44
52
35
42
44
11
4
31
19
82
87
9
78
22
32
73
82
18
96
64
17
32
6
29
98
1
75
31
57
96
91
53
0
27
48
45
38
52
76
9
86
15
19
64
89
3
89
71
22
37
35
91
69
94
72
68
95
48
51
52
44
43
57
96
70
5
93
60
9
69
70
47
36
89
11
26
44
52
97
18
89
85
9
59
79
82
79
74
82
30
78
78
25
87
74
47
93
68
8
54
89
78
2
78
19
65
4
15
18
53
34
7
38
95
18
69
29
49
95
11
80
25
89
57
13
16
5
58
84
65
64
25
43
66
3
14
84
7
81
2
13
15
61
3
11
80
73
92
29
20
4
61
46
45
71
11
61
76
69
97
41
33
23
36
52
78
2
36
86
83
90
51
51
51
54
14
83
79
6
65
0
62
78
98
8
1
61
69
77
82
19
70
15
42
58
19
20
12
7
58
48
49
9
99
1
16
13
36
95
71
53
47
34
84
97
94
85
58
63
15
92
34
37
8
76
96
79
49
60
39
7
8
88
69
7
41
37
72
78
32
44
83
32
78
67
81
72
53
92
87
68
84
22
5
44
50
53
76
99
14
15
59
22
3
80
82
45
17
54
75
1
98
58
85
28
26
67
52
31
11
40
99
95
14
56
92
16
10
68
16
76
83
27
50
86
7
32
83
24
39
58
77
89
17
63
70
43
82
22
74
93
14
25
40
28
33
32
45
95
52
13
71
87
40
74
26
99
58
9
75
97
68
52
Average delay time: 447639.53210 ns
